{
 "cells": [
  {
   "cell_type": "markdown",
   "metadata": {},
   "source": [
    "Bisection Method"
   ]
  },
  {
   "cell_type": "code",
   "execution_count": 1,
   "metadata": {},
   "outputs": [],
   "source": [
    "import math"
   ]
  },
  {
   "cell_type": "code",
   "execution_count": 8,
   "metadata": {},
   "outputs": [
    {
     "name": "stdout",
     "output_type": "stream",
     "text": [
      "1.3890560989306495\n"
     ]
    }
   ],
   "source": [
    "x = 2\n",
    "print(((math.e)**x)-(3*x))"
   ]
  },
  {
   "cell_type": "code",
   "execution_count": 80,
   "metadata": {},
   "outputs": [
    {
     "name": "stdout",
     "output_type": "stream",
     "text": [
      "A1= 1.00000000    B1= 0.00000000     C1 =0.50000000       fc1=  0.14872127\n",
      "A2= 1.00000000    B2= 0.50000000     C2 =0.75000000       fc2=  -0.13299998\n",
      "A3= 0.75000000    B3= 0.50000000     C3 =0.62500000       fc3=  -0.00675404\n",
      "A4= 0.62500000    B4= 0.50000000     C4 =0.56250000       fc4=  0.06755466\n",
      "A5= 0.62500000    B5= 0.56250000     C5 =0.59375000       fc5=  0.02951607\n",
      "A6= 0.62500000    B6= 0.59375000     C6 =0.60937500       fc6=  0.01115649\n",
      "A7= 0.62500000    B7= 0.60937500     C7 =0.61718750       fc7=  0.00214465\n",
      "A8= 0.62500000    B8= 0.61718750     C8 =0.62109375       fc8=  -0.00231889\n",
      "A9= 0.62109375    B9= 0.61718750     C9 =0.61914062       fc9=  -0.00009066\n",
      "A10= 0.61914062    B10= 0.61718750     C10 =0.61816406       fc10=  0.00102611\n",
      "A11= 0.61914062    B11= 0.61816406     C11 =0.61865234       fc11=  0.00046750\n",
      "A12= 0.61914062    B12= 0.61865234     C12 =0.61889648       fc12=  0.00018836\n",
      "A13= 0.61914062    B13= 0.61889648     C13 =0.61901855       fc13=  0.00004884\n",
      "A14= 0.61914062    B14= 0.61901855     C14 =0.61907959       fc14=  -0.00002092\n",
      "A15= 0.61907959    B15= 0.61901855     C15 =0.61904907       fc15=  0.00001396\n",
      "A16= 0.61907959    B16= 0.61904907     C16 =0.61906433       fc16=  -0.00000348\n",
      "A17= 0.61906433    B17= 0.61904907     C17 =0.61905670       fc17=  0.00000524\n",
      "A18= 0.61906433    B18= 0.61905670     C18 =0.61906052       fc18=  0.00000088\n",
      "A19= 0.61906433    B19= 0.61906052     C19 =0.61906242       fc19=  -0.00000130\n",
      "A20= 0.61906242    B20= 0.61906052     C20 =0.61906147       fc20=  -0.00000021\n",
      "A21= 0.61906147    B21= 0.61906052     C21 =0.61906099       fc21=  0.00000034\n",
      "A22= 0.61906147    B22= 0.61906099     C22 =0.61906123       fc22=  0.00000006\n",
      "A23= 0.61906147    B23= 0.61906123     C23 =0.61906135       fc23=  -0.00000007\n",
      "A24= 0.61906135    B24= 0.61906123     C24 =0.61906129       fc24=  -0.00000001\n",
      "\n",
      "exact =  0.619061291217804\n",
      "fc24 = -0.0000000051\n"
     ]
    }
   ],
   "source": [
    "x = []\n",
    "fc1 = []\n",
    "max_iterations = 100\n",
    "A = 1\n",
    "B = 0\n",
    "for i in range(max_iterations):\n",
    "        C = (A+B)/2\n",
    "        x = x + [C]\n",
    "        \n",
    "        fc = ((math.e)**x[i])-(3*x[i])\n",
    "        fc1.append(fc)\n",
    "        \n",
    "        print('A%d= %.8f'%(i+1,A),'   B%d= %.8f'%(i+1,B),'    C%d =%.8f'%(i+1,C),'      fc%d=  %.8f'%(i+1,fc))\n",
    "        if fc1[i]>0:\n",
    "            B=C\n",
    "        elif fc1[i]<0:\n",
    "            A=C\n",
    "        if abs(fc1[i]-0) < 10**-8:\n",
    "            print()\n",
    "            print('exact = ',C)\n",
    "            print('fc%d = %.10f'%(i+1,fc))\n",
    "            break\n",
    "        "
   ]
  },
  {
   "cell_type": "markdown",
   "metadata": {},
   "source": [
    "หาผลเฉลยของโดยวิธีวางตัวผิดที่หรือวิธีแก้ตำแหน่งผิด"
   ]
  },
  {
   "cell_type": "code",
   "execution_count": 81,
   "metadata": {},
   "outputs": [
    {
     "name": "stdout",
     "output_type": "stream",
     "text": [
      "A1= 1.00000000    B1= 0.00000000     C1 =0.78020272       fc1=  -0.15869362\n",
      "A2= 0.78020272    B2= 0.00000000     C2 =0.67334687       fc2=  -0.05925175\n",
      "A3= 0.67334687    B3= 0.00000000     C3 =0.63568162       fc3=  -0.01873605\n",
      "A4= 0.63568162    B4= 0.00000000     C4 =0.62399050       fc4=  -0.00561059\n",
      "A5= 0.62399050    B5= 0.00000000     C5 =0.62050908       fc5=  -0.00165262\n",
      "A6= 0.62050908    B6= 0.00000000     C6 =0.61948531       fc6=  -0.00048441\n",
      "A7= 0.61948531    B7= 0.00000000     C7 =0.61918537       fc7=  -0.00014179\n",
      "A8= 0.61918537    B8= 0.00000000     C8 =0.61909759       fc8=  -0.00004148\n",
      "A9= 0.61909759    B9= 0.00000000     C9 =0.61907191       fc9=  -0.00001214\n",
      "A10= 0.61907191    B10= 0.00000000     C10 =0.61906439       fc10=  -0.00000355\n",
      "A11= 0.61906439    B11= 0.00000000     C11 =0.61906220       fc11=  -0.00000104\n",
      "A12= 0.61906220    B12= 0.00000000     C12 =0.61906155       fc12=  -0.00000030\n",
      "A13= 0.61906155    B13= 0.00000000     C13 =0.61906136       fc13=  -0.00000009\n",
      "A14= 0.61906136    B14= 0.00000000     C14 =0.61906131       fc14=  -0.00000003\n",
      "A15= 0.61906131    B15= 0.00000000     C15 =0.61906129       fc15=  -0.00000001\n",
      "\n",
      "exact =  0.6190612933901274\n",
      "fc15 = -0.0000000076\n"
     ]
    }
   ],
   "source": [
    "x = []\n",
    "fc1 = []\n",
    "max_iterations = 100\n",
    "A = 1\n",
    "B = 0\n",
    "for i in range(max_iterations):\n",
    "        fb = ((math.e)**B)-(3*B)\n",
    "        fa = ((math.e)**A)-(3*A)\n",
    "        C = A-(((B-A)/(fb-fa))*fa)\n",
    "        x = x + [C]\n",
    "        \n",
    "        fc = ((math.e)**x[i])-(3*x[i])\n",
    "        fc1.append(fc)\n",
    "        \n",
    "        print('A%d= %.8f'%(i+1,A),'   B%d= %.8f'%(i+1,B),'    C%d =%.8f'%(i+1,C),'      fc%d=  %.8f'%(i+1,fc))\n",
    "        if fc1[i]>0:\n",
    "            B=C\n",
    "        elif fc1[i]<0:\n",
    "            A=C\n",
    "        if abs(fc1[i]-0) < 10**-8:\n",
    "            print()\n",
    "            print('exact = ',C)\n",
    "            print('fc%d = %.10f'%(i+1,fc))\n",
    "            break"
   ]
  },
  {
   "cell_type": "markdown",
   "metadata": {},
   "source": [
    "Lab2"
   ]
  },
  {
   "cell_type": "code",
   "execution_count": 74,
   "metadata": {},
   "outputs": [
    {
     "name": "stdout",
     "output_type": "stream",
     "text": [
      "A1= 1.00000000    B1= 0.00000000     C1 =0.50000000       fc1=  40.62500000\n",
      "A2= 0.50000000    B2= 0.00000000     C2 =0.25000000       fc2=  19.26562500\n",
      "A3= 0.25000000    B3= 0.00000000     C3 =0.12500000       fc3=  8.62695312\n",
      "A4= 0.12500000    B4= 0.00000000     C4 =0.06250000       fc4=  3.31274414\n",
      "A5= 0.06250000    B5= 0.00000000     C5 =0.03125000       fc5=  0.65628052\n",
      "A6= 0.03125000    B6= 0.00000000     C6 =0.01562500       fc6=  -0.67187119\n",
      "A7= 0.03125000    B7= 0.01562500     C7 =0.02343750       fc7=  -0.00779963\n",
      "A8= 0.03125000    B8= 0.02343750     C8 =0.02734375       fc8=  0.32423919\n",
      "A9= 0.02734375    B9= 0.02343750     C9 =0.02539062       fc9=  0.15821949\n",
      "A10= 0.02539062    B10= 0.02343750     C10 =0.02441406       fc10=  0.07520986\n",
      "A11= 0.02441406    B11= 0.02343750     C11 =0.02392578       fc11=  0.03370510\n",
      "A12= 0.02392578    B12= 0.02343750     C12 =0.02368164       fc12=  0.01295273\n",
      "A13= 0.02368164    B13= 0.02343750     C13 =0.02355957       fc13=  0.00257655\n",
      "A14= 0.02355957    B14= 0.02343750     C14 =0.02349854       fc14=  -0.00261154\n",
      "A15= 0.02355957    B15= 0.02349854     C15 =0.02352905       fc15=  -0.00001749\n",
      "A16= 0.02355957    B16= 0.02352905     C16 =0.02354431       fc16=  0.00127953\n",
      "A17= 0.02354431    B17= 0.02352905     C17 =0.02353668       fc17=  0.00063102\n",
      "A18= 0.02353668    B18= 0.02352905     C18 =0.02353287       fc18=  0.00030676\n",
      "A19= 0.02353287    B19= 0.02352905     C19 =0.02353096       fc19=  0.00014464\n",
      "A20= 0.02353096    B20= 0.02352905     C20 =0.02353001       fc20=  0.00006357\n",
      "A21= 0.02353001    B21= 0.02352905     C21 =0.02352953       fc21=  0.00002304\n",
      "A22= 0.02352953    B22= 0.02352905     C22 =0.02352929       fc22=  0.00000277\n",
      "A23= 0.02352929    B23= 0.02352905     C23 =0.02352917       fc23=  -0.00000736\n",
      "A24= 0.02352929    B24= 0.02352917     C24 =0.02352923       fc24=  -0.00000229\n",
      "A25= 0.02352929    B25= 0.02352923     C25 =0.02352926       fc25=  0.00000024\n",
      "A26= 0.02352926    B26= 0.02352923     C26 =0.02352925       fc26=  -0.00000103\n",
      "A27= 0.02352926    B27= 0.02352925     C27 =0.02352925       fc27=  -0.00000039\n",
      "A28= 0.02352926    B28= 0.02352925     C28 =0.02352926       fc28=  -0.00000008\n",
      "A29= 0.02352926    B29= 0.02352926     C29 =0.02352926       fc29=  0.00000008\n",
      "A30= 0.02352926    B30= 0.02352926     C30 =0.02352926       fc30=  0.00000000\n",
      "\n",
      "exact =  0.02352925855666399\n",
      "fc30 = 0.0000000037\n"
     ]
    }
   ],
   "source": [
    "x = []\n",
    "fc1 = []\n",
    "max_iterations = 100\n",
    "A = 1\n",
    "B = 0\n",
    "for i in range(max_iterations):\n",
    "        C = (A+B)/2\n",
    "        x = x + [C]\n",
    "        \n",
    "        fc = (x[i]**3)+(85*x[i])-2\n",
    "        fc1.append(fc)\n",
    "        \n",
    "        print('A%d= %.8f'%(i+1,A),'   B%d= %.8f'%(i+1,B),'    C%d =%.8f'%(i+1,C),'      fc%d=  %.8f'%(i+1,fc))\n",
    "        if fc1[i]<0:\n",
    "            B=C\n",
    "        elif fc1[i]>0:\n",
    "            A=C\n",
    "        if abs(fc1[i]-0) < 10**-8:\n",
    "            print()\n",
    "            print('exact = ',C)\n",
    "            print('fc%d = %.10f'%(i+1,fc))\n",
    "            break"
   ]
  },
  {
   "cell_type": "code",
   "execution_count": 87,
   "metadata": {},
   "outputs": [
    {
     "name": "stdout",
     "output_type": "stream",
     "text": [
      "A1= 0.00000000    B1= 1.00000000     C1 =0.50000000       f(C1)=  40.62500000\n",
      "A2= 0.00000000    B2= 0.50000000     C2 =0.25000000       f(C2)=  19.26562500\n",
      "A3= 0.00000000    B3= 0.25000000     C3 =0.12500000       f(C3)=  8.62695312\n",
      "A4= 0.00000000    B4= 0.12500000     C4 =0.06250000       f(C4)=  3.31274414\n",
      "A5= 0.00000000    B5= 0.06250000     C5 =0.03125000       f(C5)=  0.65628052\n",
      "A6= 0.00000000    B6= 0.03125000     C6 =0.01562500       f(C6)=  -0.67187119\n",
      "A7= 0.01562500    B7= 0.03125000     C7 =0.02343750       f(C7)=  -0.00779963\n",
      "A8= 0.02343750    B8= 0.03125000     C8 =0.02734375       f(C8)=  0.32423919\n",
      "A9= 0.02343750    B9= 0.02734375     C9 =0.02539062       f(C9)=  0.15821949\n",
      "A10= 0.02343750    B10= 0.02539062     C10 =0.02441406       f(C10)=  0.07520986\n",
      "A11= 0.02343750    B11= 0.02441406     C11 =0.02392578       f(C11)=  0.03370510\n",
      "A12= 0.02343750    B12= 0.02392578     C12 =0.02368164       f(C12)=  0.01295273\n",
      "A13= 0.02343750    B13= 0.02368164     C13 =0.02355957       f(C13)=  0.00257655\n",
      "A14= 0.02343750    B14= 0.02355957     C14 =0.02349854       f(C14)=  -0.00261154\n",
      "A15= 0.02349854    B15= 0.02355957     C15 =0.02352905       f(C15)=  -0.00001749\n",
      "A16= 0.02352905    B16= 0.02355957     C16 =0.02354431       f(C16)=  0.00127953\n",
      "A17= 0.02352905    B17= 0.02354431     C17 =0.02353668       f(C17)=  0.00063102\n",
      "A18= 0.02352905    B18= 0.02353668     C18 =0.02353287       f(C18)=  0.00030676\n",
      "A19= 0.02352905    B19= 0.02353287     C19 =0.02353096       f(C19)=  0.00014464\n",
      "A20= 0.02352905    B20= 0.02353096     C20 =0.02353001       f(C20)=  0.00006357\n",
      "A21= 0.02352905    B21= 0.02353001     C21 =0.02352953       f(C21)=  0.00002304\n",
      "A22= 0.02352905    B22= 0.02352953     C22 =0.02352929       f(C22)=  0.00000277\n",
      "A23= 0.02352905    B23= 0.02352929     C23 =0.02352917       f(C23)=  -0.00000736\n",
      "A24= 0.02352917    B24= 0.02352929     C24 =0.02352923       f(C24)=  -0.00000229\n",
      "A25= 0.02352923    B25= 0.02352929     C25 =0.02352926       f(C25)=  0.00000024\n",
      "A26= 0.02352923    B26= 0.02352926     C26 =0.02352925       f(C26)=  -0.00000103\n",
      "A27= 0.02352925    B27= 0.02352926     C27 =0.02352925       f(C27)=  -0.00000039\n",
      "A28= 0.02352925    B28= 0.02352926     C28 =0.02352926       f(C28)=  -0.00000008\n",
      "A29= 0.02352926    B29= 0.02352926     C29 =0.02352926       f(C29)=  0.00000008\n",
      "A30= 0.02352926    B30= 0.02352926     C30 =0.02352926       f(C30)=  0.00000000\n",
      "\n",
      "exact =  0.02352925855666399\n",
      "fc30 = 0.0000000037\n"
     ]
    }
   ],
   "source": [
    "x = []\n",
    "fc1 = []\n",
    "max_iterations = 100\n",
    "A = 0\n",
    "B = 1\n",
    "for i in range(max_iterations):\n",
    "        C = (A+B)/2\n",
    "        x = x + [C]\n",
    "        \n",
    "        fc = (x[i]**3)+(85*x[i])-2\n",
    "        fc1.append(fc)\n",
    "        \n",
    "        print('A%d= %.8f'%(i+1,A),'   B%d= %.8f'%(i+1,B),'    C%d =%.8f'%(i+1,C),'      f(C%d)=  %.8f'%(i+1,fc))\n",
    "        if fc1[i]>0:\n",
    "            B=C\n",
    "        elif fc1[i]<0:\n",
    "            A=C\n",
    "        if abs(fc1[i]-0) < 10**-8:\n",
    "            print()\n",
    "            print('exact = ',C)\n",
    "            print('fc%d = %.10f'%(i+1,fc))\n",
    "            break"
   ]
  },
  {
   "cell_type": "code",
   "execution_count": 86,
   "metadata": {},
   "outputs": [
    {
     "name": "stdout",
     "output_type": "stream",
     "text": [
      "A1= 1.00000000    B1= 0.00000000     C1 =0.02325581       f(C1)=  -0.02324324\n",
      "A2= 1.00000000    B2= 0.02325581     C2 =0.02352601       f(C2)=  -0.00027618\n",
      "A3= 1.00000000    B3= 0.02352601     C3 =0.02352922       f(C3)=  -0.00000328\n",
      "A4= 1.00000000    B4= 0.02352922     C4 =0.02352926       f(C4)=  -0.00000004\n",
      "A5= 1.00000000    B5= 0.02352926     C5 =0.02352926       f(C5)=  -0.00000000\n",
      "\n",
      "exact =  0.023529258507375417\n",
      "fc5 = -0.0000000005\n"
     ]
    }
   ],
   "source": [
    "x = []\n",
    "fc1 = []\n",
    "max_iterations = 100\n",
    "A = 1\n",
    "B = 0\n",
    "for i in range(max_iterations):\n",
    "        fb = (B**3)+(85*B)-2\n",
    "        fa = (A**3)+(85*A)-2\n",
    "        C = A-(((B-A)/(fb-fa))*fa)\n",
    "        x = x + [C]\n",
    "        \n",
    "        fc = (x[i]**3)+(85*x[i])-2\n",
    "        fc1.append(fc)\n",
    "        \n",
    "        print('A%d= %.8f'%(i+1,A),'   B%d= %.8f'%(i+1,B),'    C%d =%.8f'%(i+1,C),'      f(C%d)=  %.8f'%(i+1,fc))\n",
    "        if fc1[i]<0:\n",
    "            B=C\n",
    "        elif fc1[i]>0:\n",
    "            A=C\n",
    "            \n",
    "        if abs(fc1[i]-0) < 10**-8:\n",
    "            print()\n",
    "            print('exact = ',C)\n",
    "            print('fc%d = %.10f'%(i+1,fc))\n",
    "            break"
   ]
  },
  {
   "cell_type": "code",
   "execution_count": 90,
   "metadata": {},
   "outputs": [
    {
     "name": "stdout",
     "output_type": "stream",
     "text": [
      "A1= 0.00000000    B1= 1.00000000     C1 =0.02325581       f(C1)=  -0.02324324\n",
      "A2= 0.02325581    B2= 1.00000000     C2 =0.02352601       f(C2)=  -0.00027618\n",
      "A3= 0.02352601    B3= 1.00000000     C3 =0.02352922       f(C3)=  -0.00000328\n",
      "A4= 0.02352922    B4= 1.00000000     C4 =0.02352926       f(C4)=  -0.00000004\n",
      "A5= 0.02352926    B5= 1.00000000     C5 =0.02352926       f(C5)=  -0.00000000\n",
      "\n",
      "exact =  0.023529258507375347\n",
      "fc5 = -0.0000000005\n"
     ]
    }
   ],
   "source": [
    "x = []\n",
    "fc1 = []\n",
    "max_iterations = 100\n",
    "A = 0\n",
    "B = 1\n",
    "for i in range(max_iterations):\n",
    "        fb = (B**3)+(85*B)-2\n",
    "        fa = (A**3)+(85*A)-2\n",
    "        C = A-(((B-A)/(fb-fa))*fa)\n",
    "        x = x + [C]\n",
    "        \n",
    "        fc = (x[i]**3)+(85*x[i])-2\n",
    "        fc1.append(fc)\n",
    "        \n",
    "        print('A%d= %.8f'%(i+1,A),'   B%d= %.8f'%(i+1,B),'    C%d =%.8f'%(i+1,C),'      f(C%d)=  %.8f'%(i+1,fc))\n",
    "        if fc1[i]>0:\n",
    "            B=C\n",
    "        elif fc1[i]<0:\n",
    "            A=C\n",
    "            \n",
    "        if abs(fc1[i]-0) < 10**-8:\n",
    "            print()\n",
    "            print('exact = ',C)\n",
    "            print('fc%d = %.10f'%(i+1,fc))\n",
    "            break"
   ]
  }
 ],
 "metadata": {
  "kernelspec": {
   "display_name": "Python 3",
   "language": "python",
   "name": "python3"
  },
  "language_info": {
   "codemirror_mode": {
    "name": "ipython",
    "version": 3
   },
   "file_extension": ".py",
   "mimetype": "text/x-python",
   "name": "python",
   "nbconvert_exporter": "python",
   "pygments_lexer": "ipython3",
   "version": "3.8.3"
  }
 },
 "nbformat": 4,
 "nbformat_minor": 4
}
